Comp 278 Lab 3

1. A1    A0	B1     B0      |     A<=B
   1     1      1      1             1
   1     1      1      0             0
   1     1      0      1	     0
   1     1      0      0	     0
   1     0      1      1	     1
   1     0      1      0             1
   1     0      0      1             0
   1     0      0      0             0
   0     1      1      1             1
   0     1      1      0             1
   0     1      0      1             1
   0     1      0      0             0
   0     0      1      1             1
   0     0      1      0             1
   0     0      0      1             1
   0     0      0      0             1

2.  If A0'A1', B0B1, A0'A1'B0'B1', A0A1B0B1 

3. X     Y      Z      |      Result  Function
   1     1      1               1        1
   1     1      0               1        
   1     0      1               1        Z
   1     0      0               0
   0     1      1               1        Z
   0     1      0               0
   0     0      1               0        X&Y
   0     0      0               0        

4. X     Y      Z      |      Result  
   1     1      1               0        
   1     1      0               0     
   1     0      1               0       
   1     0      0               1
   0     1      1               0        
   0     1      0               1
   0     0      1               1       
   0     0      0               0        

5. If XY'Z', X'YZ', or X'Y'Z

6. 111 
   111100
    11111
------------
  1011011

7. 11
   1011011
   1110100
------------
  11001111

   1 111 
8. 101110101                (101110101-101101)
+  111010011
------------------
   101000110
       
        
9.  00110100               (110100-10111000)
  + 01001000
---------------- 
    01111100

   

9.